Comment,Author,Date,Score
" As a reminder, this subreddit [is for civil discussion.](/r/politics/wiki/index#wiki_be_civil)  In general, be courteous to others. Debate/discuss/argue the merits of ideas, don't attack people. Personal insults, shill or troll accusations, hate speech, any suggestion or support of harm, violence, or death, and other rule violations can result in a permanent ban.   If you see comments in violation of our rules, please report them.   For those who have questions regarding any media outlets being posted on this subreddit, please click [here](https://www.reddit.com/r/politics/wiki/approveddomainslist) to review our details as to our approved domains list and outlet criteria.    We are actively looking for new moderators.  If you have any interest in helping to make this subreddit a place for quality discussion, please fill out [this form](https://docs.google.com/forms/d/1y2swHD0KXFhStGFjW6k54r9iuMjzcFqDIVwuvdLBjSA).    ***   *I am a bot, and this action was performed automatically. Please [contact the moderators of this subreddit](/message/compose/?to=/r/politics) if you have any questions or concerns.*",AutoModerator,2025-05-09T14:15:20,1
"We don't *think* that, we *know* that.",YoungestDonkey,2025-05-09T14:18:04,54
Some hilarious pearl-clutching from whomever had the lack of integrity necessary to say or write that un-ironically.,theombudsmen,2025-05-09T14:16:25,18
The exact opposite is true.  It is ridiculous to think that Trump would do something where he wasn't being compensated in some way.,Smithy2232,2025-05-09T14:19:42,14
"This blonde bimbo again. Lying, ass kissing, trash.  ",arilupe,2025-05-09T14:21:37,11
"Fox in henhouse says ""i'm practically a vegetarian"" while gnawing on a chicken leg.",La-Boheme-1896,2025-05-09T14:23:20,8
Don't know how Leavitt keeps a straight face when she says such stupid things.  Amazing.,ComradeConrad1,2025-05-09T14:24:37,8
"I guess trumps meme coin and his bible, among other things, never happened then, our bad.",albino_wookiee,2025-05-09T14:28:09,6
Did someone say “anything”? Just assumed we were all checked-in on “everything”.   He’s always viewed the White House as Grift Disneyland.,spanky-crankstein,2025-05-09T14:18:39,3
he's correct. you don't just think it. it's been shown.,an_agreeing_dothraki,2025-05-09T14:36:39,4
So the WH has gone pure Onion.,trublueprogressive,2025-05-09T14:37:39,4
There’s a kind of righteous indignation that habitual liars tend to have on the rare occasions they’re telling the truth but someone accuses them of lying.   She has the knack of manifesting that same “how dare you!?” energy when slinging the most ridiculous lies imaginable.,specqq,2025-05-09T14:46:59,4
He ran to stay out of prison. That’s it.,Pankosmanko,2025-05-09T14:56:11,4
"Of course it’s not for his personal wealth. He’s doing it to stay out of prison, lash out at anyone who stood up to him, *and* for personal profit",Lysol3435,2025-05-09T15:24:24,5
"um, is this The Onion?",pouwiz,2025-05-09T14:24:20,3
Like the meme coins that he's personally profited from? Ridiculous like that?,sugarlessdeathbear,2025-05-09T14:45:43,3
I really really wish I could live in the brains of these people for like one minute while they spew shit like this. Are they knowingly lying through their teeth? Or do they honestly believe the bullshit they're saying? And how to they address this stuff amongst themselves? Even the most evil people don't want to openly admit to themselves and each other that they're lying to and fucking over the people. So how do they spin it to themselves and each other? To be a fly on that wall...,wifeofsonofswayze,2025-05-09T14:47:38,3
He’s going to share it with everyone.    In 2 weeks.,ctguy54,2025-05-09T14:18:44,2
Something something lying eyes im so bored ,joefarnarkler,2025-05-09T14:24:02,2
"Well, if 'they' say it's ridiculous then it must be true. Thanks for clarifying.",ms_scorpio75,2025-05-09T14:44:27,2
Cheeto dust in your quim makes you say bigly lies!,Quagmire70,2025-05-09T16:06:02,2
"He sold a fuckin meme coin before entering office. Just one of many, many flagrant examples",Didntlikedefaultname,2025-05-09T16:11:38,2
More like everything for his personal wealth. Let's not underplay his effort here. Give the man full credit for pushing every money lever out there.,econoquist,2025-05-09T22:28:53,2
Why would he need money?    He's rich from all his crypto coin promotions at the White House.,insuproble,2025-05-09T14:18:13,4
"Yes and we should thank them both for the tens of thousands he's saved us all individually in the last 100 days, and for being allowed such prosperity in his fiefdom. Foh",GordaoBombay,2025-05-09T16:39:03,1
Trump is worthy of ridicule but also deserving of prison time,Cool-Presentation538,2025-05-09T16:41:45,1
That’s the biggest lie yet and that’s saying something.,BigBriocheBuns,2025-05-09T17:04:56,1
He's doing EVERYthing for his personal wealth,MasterOfManyWorlds,2025-05-09T17:06:27,1
"The Party told you to reject the evidence of your eyes and ears. It was their final, most essential command.  George Orwell",postmfb,2025-05-09T19:48:50,1
"Yes, it is ridiculous, it is also true.",mikeholczer,2025-05-09T21:41:22,1
"Let's be fair, this is also about the massive financial benefit of Elon Musk and other oligarchs, in addition to Trump.",FormerUsenetUser,2025-05-09T14:46:02,5
"""anything"" might not be the best fit here. If they used the word ""everything"" it would be undeniable.",CockBrother,2025-05-09T15:03:12,2
I expect nothing less from KKKaroline,SlightRiverBend,2025-05-09T14:29:03,10
It's the heart of the grift; vigorously maintaining the facade to cover the desperate need underneath.,propman54,2025-05-09T15:12:40,3
"And the Maga hats being sold to market the third term Trump ""probably won't run for!""",FormerUsenetUser,2025-05-09T14:46:54,2
The beans,No_Anxiety285,2025-05-09T14:57:20,1
Right?,Luke637,2025-05-09T14:38:25,2
"And raise more money for himself. Trump coin, 2028 merch, official membership cards, $$$/plate dinners, etc.",NoSwimmers45,2025-05-09T15:11:02,2
His crypto promotions are exactly the definition of profits from his position.  Lol,animalslover4569,2025-05-09T14:19:59,10
There's also the pay-to-play dinners held at Mar-a-Lago.,FormerUsenetUser,2025-05-09T14:47:27,5
"Sure, the grift of one grifter does not attenuate the grift of more grifters.",YoungestDonkey,2025-05-09T14:55:10,3
"Shoes, the spiffy shoes",Illustrious-Bridge45,2025-05-09T15:33:27,2
